0 1 2 3 4 5 max: 4
0 1 2 3 5 4 max: 4
0 1 2 4 3 5 max: 4
0 1 2 4 5 3 max: 4
0 1 2 5 3 4 max: 4
0 1 2 5 4 3 max: 4
0 1 3 2 4 5 max: 4
0 1 3 2 5 4 max: 4
0 1 3 4 2 5 max: 4
0 1 3 4 5 2 max: 4
0 1 3 5 2 4 max: 3
0 1 3 5 4 2 max: 3
0 1 4 2 3 5 max: 4
0 1 4 2 5 3 max: 4
0 1 4 3 2 5 max: 4
0 1 4 3 5 2 max: 4
0 1 4 5 2 3 max: 4
0 1 4 5 3 2 max: 4
0 1 5 2 3 4 max: 3
0 1 5 2 4 3 max: 3
0 1 5 3 2 4 max: 3
0 1 5 3 4 2 max: 3
0 1 5 4 2 3 max: 3
0 1 5 4 3 2 max: 3
0 2 1 3 4 5 max: 5
0 2 1 3 5 4 max: 5
0 2 1 4 3 5 max: 5
0 2 1 4 5 3 max: 5
0 2 1 5 3 4 max: 5
0 2 1 5 4 3 max: 5
0 2 3 1 4 5 max: 5
0 2 3 1 5 4 max: 5
0 2 3 4 1 5 max: 4
0 2 3 4 5 1 max: 4
0 2 3 5 1 4 max: 5
0 2 3 5 4 1 max: 5
0 2 4 1 3 5 max: 4
0 2 4 1 5 3 max: 4
0 2 4 3 1 5 max: 4
0 2 4 3 5 1 max: 4
0 2 4 5 1 3 max: 4
0 2 4 5 3 1 max: 4
0 2 5 1 3 4 max: 5
0 2 5 1 4 3 max: 5
0 2 5 3 1 4 max: 5
0 2 5 3 4 1 max: 5
0 2 5 4 1 3 max: 5
0 2 5 4 3 1 max: 5
0 3 1 2 4 5 max: 4
0 3 1 2 5 4 max: 4
0 3 1 4 2 5 max: 4
0 3 1 4 5 2 max: 4
0 3 1 5 2 4 max: 4
0 3 1 5 4 2 max: 4
0 3 2 1 4 5 max: 5
0 3 2 1 5 4 max: 5
0 3 2 4 1 5 max: 4
0 3 2 4 5 1 max: 4
0 3 2 5 1 4 max: 5
0 3 2 5 4 1 max: 5
0 3 4 1 2 5 max: 5
0 3 4 1 5 2 max: 5
0 3 4 2 1 5 max: 4
0 3 4 2 5 1 max: 4
0 3 4 5 1 2 max: 5
0 3 4 5 2 1 max: 5
0 3 5 1 2 4 max: 4
0 3 5 1 4 2 max: 4
0 3 5 2 1 4 max: 4
0 3 5 2 4 1 max: 4
0 3 5 4 1 2 max: 4
0 3 5 4 2 1 max: 4
0 4 1 2 3 5 max: 5
0 4 1 2 5 3 max: 5
0 4 1 3 2 5 max: 5
0 4 1 3 5 2 max: 5
0 4 1 5 2 3 max: 5
0 4 1 5 3 2 max: 5
0 4 2 1 3 5 max: 4
0 4 2 1 5 3 max: 4
0 4 2 3 1 5 max: 4
0 4 2 3 5 1 max: 4
0 4 2 5 1 3 max: 4
0 4 2 5 3 1 max: 4
0 4 3 1 2 5 max: 5
0 4 3 1 5 2 max: 5
0 4 3 2 1 5 max: 4
0 4 3 2 5 1 max: 4
0 4 3 5 1 2 max: 5
0 4 3 5 2 1 max: 5
0 4 5 1 2 3 max: 5
0 4 5 1 3 2 max: 5
0 4 5 2 1 3 max: 5
0 4 5 2 3 1 max: 5
0 4 5 3 1 2 max: 5
0 4 5 3 2 1 max: 5
0 5 1 2 3 4 max: 3
0 5 1 2 4 3 max: 3
0 5 1 3 2 4 max: 3
0 5 1 3 4 2 max: 3
0 5 1 4 2 3 max: 3
0 5 1 4 3 2 max: 3
0 5 2 1 3 4 max: 4
0 5 2 1 4 3 max: 4
0 5 2 3 1 4 max: 4
0 5 2 3 4 1 max: 4
0 5 2 4 1 3 max: 4
0 5 2 4 3 1 max: 4
0 5 3 1 2 4 max: 3
0 5 3 1 4 2 max: 3
0 5 3 2 1 4 max: 4
0 5 3 2 4 1 max: 4
0 5 3 4 1 2 max: 4
0 5 3 4 2 1 max: 4
0 5 4 1 2 3 max: 4
0 5 4 1 3 2 max: 4
0 5 4 2 1 3 max: 4
0 5 4 2 3 1 max: 4
0 5 4 3 1 2 max: 4
0 5 4 3 2 1 max: 4
1 0 2 3 4 5 max: 4
1 0 2 3 5 4 max: 4
1 0 2 4 3 5 max: 4
1 0 2 4 5 3 max: 4
1 0 2 5 3 4 max: 4
1 0 2 5 4 3 max: 4
1 0 3 2 4 5 max: 4
1 0 3 2 5 4 max: 4
1 0 3 4 2 5 max: 4
1 0 3 4 5 2 max: 4
1 0 3 5 2 4 max: 3
1 0 3 5 4 2 max: 3
1 0 4 2 3 5 max: 4
1 0 4 2 5 3 max: 4
1 0 4 3 2 5 max: 4
1 0 4 3 5 2 max: 4
1 0 4 5 2 3 max: 4
1 0 4 5 3 2 max: 4
1 0 5 2 3 4 max: 3
1 0 5 2 4 3 max: 3
1 0 5 3 2 4 max: 3
1 0 5 3 4 2 max: 3
1 0 5 4 2 3 max: 3
1 0 5 4 3 2 max: 3
1 2 0 3 4 5 max: 5
1 2 0 3 5 4 max: 5
1 2 0 4 3 5 max: 5
1 2 0 4 5 3 max: 5
1 2 0 5 3 4 max: 5
1 2 0 5 4 3 max: 5
1 2 3 0 4 5 max: 5
1 2 3 0 5 4 max: 5
1 2 3 4 0 5 max: 4
1 2 3 4 5 0 max: 4
1 2 3 5 0 4 max: 5
1 2 3 5 4 0 max: 5
1 2 4 0 3 5 max: 4
1 2 4 0 5 3 max: 4
1 2 4 3 0 5 max: 4
1 2 4 3 5 0 max: 4
1 2 4 5 0 3 max: 4
1 2 4 5 3 0 max: 4
1 2 5 0 3 4 max: 5
1 2 5 0 4 3 max: 5
1 2 5 3 0 4 max: 5
1 2 5 3 4 0 max: 5
1 2 5 4 0 3 max: 5
1 2 5 4 3 0 max: 5
1 3 0 2 4 5 max: 4
1 3 0 2 5 4 max: 4
1 3 0 4 2 5 max: 4
1 3 0 4 5 2 max: 4
1 3 0 5 2 4 max: 4
1 3 0 5 4 2 max: 4
1 3 2 0 4 5 max: 5
1 3 2 0 5 4 max: 5
1 3 2 4 0 5 max: 4
1 3 2 4 5 0 max: 4
1 3 2 5 0 4 max: 5
1 3 2 5 4 0 max: 5
1 3 4 0 2 5 max: 5
1 3 4 0 5 2 max: 5
1 3 4 2 0 5 max: 4
1 3 4 2 5 0 max: 4
1 3 4 5 0 2 max: 5
1 3 4 5 2 0 max: 5
1 3 5 0 2 4 max: 4
1 3 5 0 4 2 max: 4
1 3 5 2 0 4 max: 4
1 3 5 2 4 0 max: 4
1 3 5 4 0 2 max: 4
1 3 5 4 2 0 max: 4
1 4 0 2 3 5 max: 5
1 4 0 2 5 3 max: 5
1 4 0 3 2 5 max: 5
1 4 0 3 5 2 max: 5
1 4 0 5 2 3 max: 5
1 4 0 5 3 2 max: 5
1 4 2 0 3 5 max: 4
1 4 2 0 5 3 max: 4
1 4 2 3 0 5 max: 4
1 4 2 3 5 0 max: 4
1 4 2 5 0 3 max: 4
1 4 2 5 3 0 max: 4
1 4 3 0 2 5 max: 5
1 4 3 0 5 2 max: 5
1 4 3 2 0 5 max: 4
1 4 3 2 5 0 max: 4
1 4 3 5 0 2 max: 5
1 4 3 5 2 0 max: 5
1 4 5 0 2 3 max: 5
1 4 5 0 3 2 max: 5
1 4 5 2 0 3 max: 5
1 4 5 2 3 0 max: 5
1 4 5 3 0 2 max: 5
1 4 5 3 2 0 max: 5
1 5 0 2 3 4 max: 3
1 5 0 2 4 3 max: 3
1 5 0 3 2 4 max: 3
1 5 0 3 4 2 max: 3
1 5 0 4 2 3 max: 3
1 5 0 4 3 2 max: 3
1 5 2 0 3 4 max: 4
1 5 2 0 4 3 max: 4
1 5 2 3 0 4 max: 4
1 5 2 3 4 0 max: 4
1 5 2 4 0 3 max: 4
1 5 2 4 3 0 max: 4
1 5 3 0 2 4 max: 3
1 5 3 0 4 2 max: 3
1 5 3 2 0 4 max: 4
1 5 3 2 4 0 max: 4
1 5 3 4 0 2 max: 4
1 5 3 4 2 0 max: 4
1 5 4 0 2 3 max: 4
1 5 4 0 3 2 max: 4
1 5 4 2 0 3 max: 4
1 5 4 2 3 0 max: 4
1 5 4 3 0 2 max: 4
1 5 4 3 2 0 max: 4
2 0 1 3 4 5 max: 5
2 0 1 3 5 4 max: 5
2 0 1 4 3 5 max: 5
2 0 1 4 5 3 max: 5
2 0 1 5 3 4 max: 5
2 0 1 5 4 3 max: 5
2 0 3 1 4 5 max: 5
2 0 3 1 5 4 max: 5
2 0 3 4 1 5 max: 4
2 0 3 4 5 1 max: 4
2 0 3 5 1 4 max: 5
2 0 3 5 4 1 max: 5
2 0 4 1 3 5 max: 4
2 0 4 1 5 3 max: 4
2 0 4 3 1 5 max: 4
2 0 4 3 5 1 max: 4
2 0 4 5 1 3 max: 4
2 0 4 5 3 1 max: 4
2 0 5 1 3 4 max: 5
2 0 5 1 4 3 max: 5
2 0 5 3 1 4 max: 5
2 0 5 3 4 1 max: 5
2 0 5 4 1 3 max: 5
2 0 5 4 3 1 max: 5
2 1 0 3 4 5 max: 5
2 1 0 3 5 4 max: 5
2 1 0 4 3 5 max: 5
2 1 0 4 5 3 max: 5
2 1 0 5 3 4 max: 5
2 1 0 5 4 3 max: 5
2 1 3 0 4 5 max: 5
2 1 3 0 5 4 max: 5
2 1 3 4 0 5 max: 4
2 1 3 4 5 0 max: 4
2 1 3 5 0 4 max: 5
2 1 3 5 4 0 max: 5
2 1 4 0 3 5 max: 4
2 1 4 0 5 3 max: 4
2 1 4 3 0 5 max: 4
2 1 4 3 5 0 max: 4
2 1 4 5 0 3 max: 4
2 1 4 5 3 0 max: 4
2 1 5 0 3 4 max: 5
2 1 5 0 4 3 max: 5
2 1 5 3 0 4 max: 5
2 1 5 3 4 0 max: 5
2 1 5 4 0 3 max: 5
2 1 5 4 3 0 max: 5
2 3 0 1 4 5 max: 5
2 3 0 1 5 4 max: 5
2 3 0 4 1 5 max: 4
2 3 0 4 5 1 max: 4
2 3 0 5 1 4 max: 5
2 3 0 5 4 1 max: 5
2 3 1 0 4 5 max: 5
2 3 1 0 5 4 max: 5
2 3 1 4 0 5 max: 4
2 3 1 4 5 0 max: 4
2 3 1 5 0 4 max: 5
2 3 1 5 4 0 max: 5
2 3 4 0 1 5 max: 3
2 3 4 0 5 1 max: 3
2 3 4 1 0 5 max: 3
2 3 4 1 5 0 max: 3
2 3 4 5 0 1 max: 3
2 3 4 5 1 0 max: 3
2 3 5 0 1 4 max: 5
2 3 5 0 4 1 max: 5
2 3 5 1 0 4 max: 5
2 3 5 1 4 0 max: 5
2 3 5 4 0 1 max: 4
2 3 5 4 1 0 max: 4
2 4 0 1 3 5 max: 4
2 4 0 1 5 3 max: 4
2 4 0 3 1 5 max: 3
2 4 0 3 5 1 max: 3
2 4 0 5 1 3 max: 4
2 4 0 5 3 1 max: 4
2 4 1 0 3 5 max: 4
2 4 1 0 5 3 max: 4
2 4 1 3 0 5 max: 3
2 4 1 3 5 0 max: 3
2 4 1 5 0 3 max: 4
2 4 1 5 3 0 max: 4
2 4 3 0 1 5 max: 3
2 4 3 0 5 1 max: 3
2 4 3 1 0 5 max: 3
2 4 3 1 5 0 max: 3
2 4 3 5 0 1 max: 3
2 4 3 5 1 0 max: 3
2 4 5 0 1 3 max: 4
2 4 5 0 3 1 max: 4
2 4 5 1 0 3 max: 4
2 4 5 1 3 0 max: 4
2 4 5 3 0 1 max: 3
2 4 5 3 1 0 max: 3
2 5 0 1 3 4 max: 5
2 5 0 1 4 3 max: 5
2 5 0 3 1 4 max: 5
2 5 0 3 4 1 max: 5
2 5 0 4 1 3 max: 5
2 5 0 4 3 1 max: 5
2 5 1 0 3 4 max: 5
2 5 1 0 4 3 max: 5
2 5 1 3 0 4 max: 5
2 5 1 3 4 0 max: 5
2 5 1 4 0 3 max: 5
2 5 1 4 3 0 max: 5
2 5 3 0 1 4 max: 5
2 5 3 0 4 1 max: 5
2 5 3 1 0 4 max: 5
2 5 3 1 4 0 max: 5
2 5 3 4 0 1 max: 4
2 5 3 4 1 0 max: 4
2 5 4 0 1 3 max: 4
2 5 4 0 3 1 max: 4
2 5 4 1 0 3 max: 4
2 5 4 1 3 0 max: 4
2 5 4 3 0 1 max: 4
2 5 4 3 1 0 max: 4
3 0 1 2 4 5 max: 4
3 0 1 2 5 4 max: 4
3 0 1 4 2 5 max: 4
3 0 1 4 5 2 max: 4
3 0 1 5 2 4 max: 4
3 0 1 5 4 2 max: 4
3 0 2 1 4 5 max: 5
3 0 2 1 5 4 max: 5
3 0 2 4 1 5 max: 4
3 0 2 4 5 1 max: 4
3 0 2 5 1 4 max: 5
3 0 2 5 4 1 max: 5
3 0 4 1 2 5 max: 5
3 0 4 1 5 2 max: 5
3 0 4 2 1 5 max: 4
3 0 4 2 5 1 max: 4
3 0 4 5 1 2 max: 5
3 0 4 5 2 1 max: 5
3 0 5 1 2 4 max: 4
3 0 5 1 4 2 max: 4
3 0 5 2 1 4 max: 4
3 0 5 2 4 1 max: 4
3 0 5 4 1 2 max: 4
3 0 5 4 2 1 max: 4
3 1 0 2 4 5 max: 4
3 1 0 2 5 4 max: 4
3 1 0 4 2 5 max: 4
3 1 0 4 5 2 max: 4
3 1 0 5 2 4 max: 4
3 1 0 5 4 2 max: 4
3 1 2 0 4 5 max: 5
3 1 2 0 5 4 max: 5
3 1 2 4 0 5 max: 4
3 1 2 4 5 0 max: 4
3 1 2 5 0 4 max: 5
3 1 2 5 4 0 max: 5
3 1 4 0 2 5 max: 5
3 1 4 0 5 2 max: 5
3 1 4 2 0 5 max: 4
3 1 4 2 5 0 max: 4
3 1 4 5 0 2 max: 5
3 1 4 5 2 0 max: 5
3 1 5 0 2 4 max: 4
3 1 5 0 4 2 max: 4
3 1 5 2 0 4 max: 4
3 1 5 2 4 0 max: 4
3 1 5 4 0 2 max: 4
3 1 5 4 2 0 max: 4
3 2 0 1 4 5 max: 5
3 2 0 1 5 4 max: 5
3 2 0 4 1 5 max: 4
3 2 0 4 5 1 max: 4
3 2 0 5 1 4 max: 5
3 2 0 5 4 1 max: 5
3 2 1 0 4 5 max: 5
3 2 1 0 5 4 max: 5
3 2 1 4 0 5 max: 4
3 2 1 4 5 0 max: 4
3 2 1 5 0 4 max: 5
3 2 1 5 4 0 max: 5
3 2 4 0 1 5 max: 3
3 2 4 0 5 1 max: 3
3 2 4 1 0 5 max: 3
3 2 4 1 5 0 max: 3
3 2 4 5 0 1 max: 3
3 2 4 5 1 0 max: 3
3 2 5 0 1 4 max: 5
3 2 5 0 4 1 max: 5
3 2 5 1 0 4 max: 5
3 2 5 1 4 0 max: 5
3 2 5 4 0 1 max: 4
3 2 5 4 1 0 max: 4
3 4 0 1 2 5 max: 5
3 4 0 1 5 2 max: 5
3 4 0 2 1 5 max: 4
3 4 0 2 5 1 max: 4
3 4 0 5 1 2 max: 5
3 4 0 5 2 1 max: 5
3 4 1 0 2 5 max: 5
3 4 1 0 5 2 max: 5
3 4 1 2 0 5 max: 4
3 4 1 2 5 0 max: 4
3 4 1 5 0 2 max: 5
3 4 1 5 2 0 max: 5
3 4 2 0 1 5 max: 3
3 4 2 0 5 1 max: 3
3 4 2 1 0 5 max: 3
3 4 2 1 5 0 max: 3
3 4 2 5 0 1 max: 3
3 4 2 5 1 0 max: 3
3 4 5 0 1 2 max: 5
3 4 5 0 2 1 max: 5
3 4 5 1 0 2 max: 5
3 4 5 1 2 0 max: 5
3 4 5 2 0 1 max: 4
3 4 5 2 1 0 max: 4
3 5 0 1 2 4 max: 4
3 5 0 1 4 2 max: 4
3 5 0 2 1 4 max: 4
3 5 0 2 4 1 max: 4
3 5 0 4 1 2 max: 4
3 5 0 4 2 1 max: 4
3 5 1 0 2 4 max: 4
3 5 1 0 4 2 max: 4
3 5 1 2 0 4 max: 4
3 5 1 2 4 0 max: 4
3 5 1 4 0 2 max: 4
3 5 1 4 2 0 max: 4
3 5 2 0 1 4 max: 5
3 5 2 0 4 1 max: 5
3 5 2 1 0 4 max: 5
3 5 2 1 4 0 max: 5
3 5 2 4 0 1 max: 4
3 5 2 4 1 0 max: 4
3 5 4 0 1 2 max: 5
3 5 4 0 2 1 max: 5
3 5 4 1 0 2 max: 5
3 5 4 1 2 0 max: 5
3 5 4 2 0 1 max: 4
3 5 4 2 1 0 max: 4
4 0 1 2 3 5 max: 5
4 0 1 2 5 3 max: 5
4 0 1 3 2 5 max: 5
4 0 1 3 5 2 max: 5
4 0 1 5 2 3 max: 5
4 0 1 5 3 2 max: 5
4 0 2 1 3 5 max: 4
4 0 2 1 5 3 max: 4
4 0 2 3 1 5 max: 4
4 0 2 3 5 1 max: 4
4 0 2 5 1 3 max: 4
4 0 2 5 3 1 max: 4
4 0 3 1 2 5 max: 5
4 0 3 1 5 2 max: 5
4 0 3 2 1 5 max: 4
4 0 3 2 5 1 max: 4
4 0 3 5 1 2 max: 5
4 0 3 5 2 1 max: 5
4 0 5 1 2 3 max: 5
4 0 5 1 3 2 max: 5
4 0 5 2 1 3 max: 5
4 0 5 2 3 1 max: 5
4 0 5 3 1 2 max: 5
4 0 5 3 2 1 max: 5
4 1 0 2 3 5 max: 5
4 1 0 2 5 3 max: 5
4 1 0 3 2 5 max: 5
4 1 0 3 5 2 max: 5
4 1 0 5 2 3 max: 5
4 1 0 5 3 2 max: 5
4 1 2 0 3 5 max: 4
4 1 2 0 5 3 max: 4
4 1 2 3 0 5 max: 4
4 1 2 3 5 0 max: 4
4 1 2 5 0 3 max: 4
4 1 2 5 3 0 max: 4
4 1 3 0 2 5 max: 5
4 1 3 0 5 2 max: 5
4 1 3 2 0 5 max: 4
4 1 3 2 5 0 max: 4
4 1 3 5 0 2 max: 5
4 1 3 5 2 0 max: 5
4 1 5 0 2 3 max: 5
4 1 5 0 3 2 max: 5
4 1 5 2 0 3 max: 5
4 1 5 2 3 0 max: 5
4 1 5 3 0 2 max: 5
4 1 5 3 2 0 max: 5
4 2 0 1 3 5 max: 4
4 2 0 1 5 3 max: 4
4 2 0 3 1 5 max: 3
4 2 0 3 5 1 max: 3
4 2 0 5 1 3 max: 4
4 2 0 5 3 1 max: 4
4 2 1 0 3 5 max: 4
4 2 1 0 5 3 max: 4
4 2 1 3 0 5 max: 3
4 2 1 3 5 0 max: 3
4 2 1 5 0 3 max: 4
4 2 1 5 3 0 max: 4
4 2 3 0 1 5 max: 3
4 2 3 0 5 1 max: 3
4 2 3 1 0 5 max: 3
4 2 3 1 5 0 max: 3
4 2 3 5 0 1 max: 3
4 2 3 5 1 0 max: 3
4 2 5 0 1 3 max: 4
4 2 5 0 3 1 max: 4
4 2 5 1 0 3 max: 4
4 2 5 1 3 0 max: 4
4 2 5 3 0 1 max: 3
4 2 5 3 1 0 max: 3
4 3 0 1 2 5 max: 5
4 3 0 1 5 2 max: 5
4 3 0 2 1 5 max: 4
4 3 0 2 5 1 max: 4
4 3 0 5 1 2 max: 5
4 3 0 5 2 1 max: 5
4 3 1 0 2 5 max: 5
4 3 1 0 5 2 max: 5
4 3 1 2 0 5 max: 4
4 3 1 2 5 0 max: 4
4 3 1 5 0 2 max: 5
4 3 1 5 2 0 max: 5
4 3 2 0 1 5 max: 3
4 3 2 0 5 1 max: 3
4 3 2 1 0 5 max: 3
4 3 2 1 5 0 max: 3
4 3 2 5 0 1 max: 3
4 3 2 5 1 0 max: 3
4 3 5 0 1 2 max: 5
4 3 5 0 2 1 max: 5
4 3 5 1 0 2 max: 5
4 3 5 1 2 0 max: 5
4 3 5 2 0 1 max: 4
4 3 5 2 1 0 max: 4
4 5 0 1 2 3 max: 5
4 5 0 1 3 2 max: 5
4 5 0 2 1 3 max: 5
4 5 0 2 3 1 max: 5
4 5 0 3 1 2 max: 5
4 5 0 3 2 1 max: 5
4 5 1 0 2 3 max: 5
4 5 1 0 3 2 max: 5
4 5 1 2 0 3 max: 5
4 5 1 2 3 0 max: 5
4 5 1 3 0 2 max: 5
4 5 1 3 2 0 max: 5
4 5 2 0 1 3 max: 4
4 5 2 0 3 1 max: 4
4 5 2 1 0 3 max: 4
4 5 2 1 3 0 max: 4
4 5 2 3 0 1 max: 4
4 5 2 3 1 0 max: 4
4 5 3 0 1 2 max: 5
4 5 3 0 2 1 max: 5
4 5 3 1 0 2 max: 5
4 5 3 1 2 0 max: 5
4 5 3 2 0 1 max: 4
4 5 3 2 1 0 max: 4
5 0 1 2 3 4 max: 3
5 0 1 2 4 3 max: 3
5 0 1 3 2 4 max: 3
5 0 1 3 4 2 max: 3
5 0 1 4 2 3 max: 3
5 0 1 4 3 2 max: 3
5 0 2 1 3 4 max: 4
5 0 2 1 4 3 max: 4
5 0 2 3 1 4 max: 4
5 0 2 3 4 1 max: 4
5 0 2 4 1 3 max: 4
5 0 2 4 3 1 max: 4
5 0 3 1 2 4 max: 3
5 0 3 1 4 2 max: 3
5 0 3 2 1 4 max: 4
5 0 3 2 4 1 max: 4
5 0 3 4 1 2 max: 4
5 0 3 4 2 1 max: 4
5 0 4 1 2 3 max: 4
5 0 4 1 3 2 max: 4
5 0 4 2 1 3 max: 4
5 0 4 2 3 1 max: 4
5 0 4 3 1 2 max: 4
5 0 4 3 2 1 max: 4
5 1 0 2 3 4 max: 3
5 1 0 2 4 3 max: 3
5 1 0 3 2 4 max: 3
5 1 0 3 4 2 max: 3
5 1 0 4 2 3 max: 3
5 1 0 4 3 2 max: 3
5 1 2 0 3 4 max: 4
5 1 2 0 4 3 max: 4
5 1 2 3 0 4 max: 4
5 1 2 3 4 0 max: 4
5 1 2 4 0 3 max: 4
5 1 2 4 3 0 max: 4
5 1 3 0 2 4 max: 3
5 1 3 0 4 2 max: 3
5 1 3 2 0 4 max: 4
5 1 3 2 4 0 max: 4
5 1 3 4 0 2 max: 4
5 1 3 4 2 0 max: 4
5 1 4 0 2 3 max: 4
5 1 4 0 3 2 max: 4
5 1 4 2 0 3 max: 4
5 1 4 2 3 0 max: 4
5 1 4 3 0 2 max: 4
5 1 4 3 2 0 max: 4
5 2 0 1 3 4 max: 5
5 2 0 1 4 3 max: 5
5 2 0 3 1 4 max: 5
5 2 0 3 4 1 max: 5
5 2 0 4 1 3 max: 5
5 2 0 4 3 1 max: 5
5 2 1 0 3 4 max: 5
5 2 1 0 4 3 max: 5
5 2 1 3 0 4 max: 5
5 2 1 3 4 0 max: 5
5 2 1 4 0 3 max: 5
5 2 1 4 3 0 max: 5
5 2 3 0 1 4 max: 5
5 2 3 0 4 1 max: 5
5 2 3 1 0 4 max: 5
5 2 3 1 4 0 max: 5
5 2 3 4 0 1 max: 4
5 2 3 4 1 0 max: 4
5 2 4 0 1 3 max: 4
5 2 4 0 3 1 max: 4
5 2 4 1 0 3 max: 4
5 2 4 1 3 0 max: 4
5 2 4 3 0 1 max: 4
5 2 4 3 1 0 max: 4
5 3 0 1 2 4 max: 4
5 3 0 1 4 2 max: 4
5 3 0 2 1 4 max: 4
5 3 0 2 4 1 max: 4
5 3 0 4 1 2 max: 4
5 3 0 4 2 1 max: 4
5 3 1 0 2 4 max: 4
5 3 1 0 4 2 max: 4
5 3 1 2 0 4 max: 4
5 3 1 2 4 0 max: 4
5 3 1 4 0 2 max: 4
5 3 1 4 2 0 max: 4
5 3 2 0 1 4 max: 5
5 3 2 0 4 1 max: 5
5 3 2 1 0 4 max: 5
5 3 2 1 4 0 max: 5
5 3 2 4 0 1 max: 4
5 3 2 4 1 0 max: 4
5 3 4 0 1 2 max: 5
5 3 4 0 2 1 max: 5
5 3 4 1 0 2 max: 5
5 3 4 1 2 0 max: 5
5 3 4 2 0 1 max: 4
5 3 4 2 1 0 max: 4
5 4 0 1 2 3 max: 5
5 4 0 1 3 2 max: 5
5 4 0 2 1 3 max: 5
5 4 0 2 3 1 max: 5
5 4 0 3 1 2 max: 5
5 4 0 3 2 1 max: 5
5 4 1 0 2 3 max: 5
5 4 1 0 3 2 max: 5
5 4 1 2 0 3 max: 5
5 4 1 2 3 0 max: 5
5 4 1 3 0 2 max: 5
5 4 1 3 2 0 max: 5
5 4 2 0 1 3 max: 4
5 4 2 0 3 1 max: 4
5 4 2 1 0 3 max: 4
5 4 2 1 3 0 max: 4
5 4 2 3 0 1 max: 4
5 4 2 3 1 0 max: 4
5 4 3 0 1 2 max: 5
5 4 3 0 2 1 max: 5
5 4 3 1 0 2 max: 5
5 4 3 1 2 0 max: 5
5 4 3 2 0 1 max: 4
5 4 3 2 1 0 max: 4
