GP_NWRS5 NWRS5
20 30
0  0  0  0  1  1  1  1  0  0  0  0  0  0  1  0  0  0  0  0  0  0  0  1  1  0  0  0  1  0
0  1  0  0  0  0  0  0  0  0  0  1  0  1  0  0  0  0  0  0  0  1  1  0  0  1  1  1  0  0
0  0  0  0  0  1  0  0  0  0  1  0  0  0  1  0  0  0  0  0  0  0  0  1  1  0  0  0  1  0
0  0  1  0  0  1  0  1  0  1  0  0  0  1  0  0  1  0  0  0  0  0  0  0  0  1  1  0  0  0
0  0  1  0  0  0  1  1  0  0  0  0  0  0  0  0  1  0  0  1  0  0  1  0  0  0  1  0  0  1
0  0  0  1  0  0  1  0  0  0  0  0  0  1  0  0  0  1  0  1  0  1  0  0  0  1  1  0  0  0
0  0  1  0  1  0  1  0  0  0  1  0  0  1  1  0  0  0  0  0  0  0  0  0  0  0  0  0  1  1
0  0  0  0  1  0  0  1  0  0  0  0  0  0  1  0  1  0  0  0  0  0  0  0  1  0  0  0  0  1
0  0  1  0  0  0  0  0  0  0  0  0  1  0  1  0  0  0  0  0  0  0  0  1  1  0  0  0  1  1
0  0  0  1  0  0  0  0  1  1  0  0  0  0  0  1  0  1  0  0  1  0  1  0  0  0  0  1  0  0
0  1  0  0  1  0  0  1  0  0  0  0  0  1  1  0  1  0  0  0  0  0  0  0  1  0  0  0  0  1
0  0  1  0  0  0  1  1  0  0  1  0  0  1  1  0  0  0  0  0  0  0  0  0  0  1  0  0  0  1
0  1  0  0  0  0  0  0  0  1  0  0  0  0  0  0  0  1  1  1  0  0  0  0  0  1  1  1  0  0
0  1  1  0  0  1  1  0  0  1  0  0  0  1  0  0  0  0  0  1  0  1  0  0  0  0  0  0  0  0
0  0  0  0  1  0  0  1  0  0  1  0  1  0  0  0  0  0  0  0  0  0  0  1  1  0  0  0  0  0
0  1  0  0  0  1  0  1  0  0  0  0  0  1  1  0  1  0  0  1  0  0  0  0  0  0  0  0  0  1
0  1  0  0  0  1  1  1  0  0  1  0  0  0  0  0  0  0  0  0  0  0  0  0  1  0  1  0  0  1
0  1  0  0  0  0  1  0  0  1  0  0  0  1  0  0  1  1  0  0  0  0  1  0  0  1  0  0  0  0
1  0  0  0  0  0  0  0  1  1  0  1  0  0  0  0  0  0  0  1  0  1  0  0  0  1  0  1  0  0
1  0  0  0  0  0  0  0  0  0  0  0  0  0  0  0  0  1  1  1  1  1  1  0  0  0  0  1  0  0
